# Created by Octave 4.2.1, Mon Nov 20 22:36:51 2017 GMT <unknown@unknown>
# name: c
# type: matrix
# rows: 1
# columns: 2
 1 1


