# Created by Octave 4.2.1, Thu Nov 23 20:34:36 2017 GMT <unknown@unknown>
# name: v
# type: matrix
# rows: 1
# columns: 2
 23234 234234


